26
64
89
27
54
31
26
55
88
82
59
17
55
65
94
96
30
41
29
20
40
7
30
40
81
65
88
75
94
63
37
35
4
6
21
85
98
46
88
79
91
63
53
77
83
9
91
27
7
94
22
46
24
99
27
20
35
50
45
89
42
50
60
25
46
24
14
50
45
10
97
83
53
50
29
76
53
53
57
73
73
61
69
99
41
90
12
4
79
1
51
49
2
98
37
41
4
29
31
59
95
42
81
97
96
39
93
73
71
50
66
82
92
71
17
80
81
60
83
55
13
10
70
44
59
49
81
54
13
87
73
25
22
97
78
32
80
71
4
3
97
38
33
29
34
68
57
31
82
56
60
43
45
76
46
85
71
38
39
48
57
39
61
83
76
42
61
94
92
84
1
11
57
81
58
75
76
42
10
90
91
51
72
57
28
30
79
45
52
92
61
43
32
55
45
58
77
50
53
92
8
62
38
97
55
50
86
63
19
71
10
30
28
48
56
7
66
4
55
46
62
16
43
99
23
58
78
2
37
99
97
27
88
18
83
30
13
74
2
78
44
17
27
80
83
32
15
83
98
39
91
73
94
7
30
91
19
38
74
97
71
84
27
19
73
83
41
10
65
26
93
92
3
76
3
46
89
63
17
91
44
94
4
97
8
25
32
82
88
92
12
74
99
5
7
60
89
8
8
1
90
5
19
72
45
99
70
18
5
83
2
56
22
83
53
77
81
29
12
48
51
59
22
73
15
19
92
97
70
43
56
82
55
17
1
39
75
31
53
8
54
14
77
6
90
56
53
17
51
30
79
61
96
59
49
32
83
46
58
26
8
72
48
62
27
20
1
6
82
15
2
50
76
4
94
37
81
17
82
58
66
75
47
40
64
95
85
96
67
69
55
30
72
27
1
81
66
16
78
70
55
48
35
36
28
29
84
93
65
13
51
67
63
99
60
32
26
9
98
31
35
5
39
14
60
72
77
49
3
13
71
65
38
13
4
19
41
11
12
35
12
92
32
54
18
87
66
73
67
68
56
58
18
47
36
51
10
21
76
56
51
36
90
52
42
85
29
51
96
41
91
15
96
63
20
42
72
84
95
72
6
5
81
35
56
13
48
90
77
52
10
20
35
55
84
75
2
79
13
33
59
16
76
26
76
41
61
55
28
93
79
25
26
4
51
46
55
56
96
29
38
39
73
45
32
72
80
41
78
44
40
93
72
62
14
89
28
55
58
15
51
93
63
83
73
84
94
31
5
39
21
46
83
83
95
21
42
32
94
5
61
21
76
83
53
85
53
63
90
61
18
99
98
81
77
44
75
90
71
48
78
49
36
40
24
94
11
88
67
93
47
96
61
53
54
31
17
79
30
87
31
31
40
44
21
21
48
2
6
51
45
52
61
46
27
12
84
36
60
59
75
65
96
97
14
22
39
46
28
47
27
96
60
84
17
47
10
92
20
3
47
9
82
16
48
95
36
15
26
42
46
81
20
71
12
66
35
43
30
99
82
2
74
59
24
49
92
76
30
80
3
91
17
57
13
67
82
80
49
19
86
24
20
85
1
46
76
89
72
50
13
67
63
21
21
45
34
24
91
99
3
59
85
45
39
55
65
62
58
45
84
54
93
11
13
58
82
89
58
78
72
4
5
79
67
36
29
95
37
68
33
59
89
50
17
27
39
74
46
46
80
15
31
27
66
59
74
53
8
62
63
45
65
13
28
99
54
6
78
4
26
69
26
90
12
26
64
43
94
86
19
8
43
13
97
58
72
77
14
9
62
75
88
75
6
88
93
76
23
17
73
34
96
43
20
12
89
40
15
40
94
31
59
22
43
55
3
53
15
70
27
76
91
70
41
51
81
50
85
24
33
88
21
77
14
85
11
99
92
86
68
33
62
73
14
32
17
67
32
50
85
40
61
53
90
96
43
27
3
69
31
39
55
91
8
7
11
81
9
58
45
4
60
29
2
94
15
18
57
10
34
14
18
35
38
92
27
68
86
17
43
84
96
24
56
30
77
71
66
7
22
35
59
74
5
82
79
33
52
96
82
25
70
92
36
17
21
20
53
16
80
43
95
91
15
61
7
37
73
71
17
43
52
50
88
98
55
44
31
56
13
94
16
90
35
18
14
5
88
39
9
57
19
50
27
78
40
67
60
44
75
43
60
80
79
39
72
20
5
37
61
77
89
97
4
86
27
5
56
96
47
3
49
34
62
60
25
3
24
10
59
87
83
86
80
70
35
36
12
96
46
94
99
51
77
32
67
22
47
40
